200
1 2
1 3
1 5
1 9
1 12
1 13
1 15
1 18
1 19
1 21
1 22
1 24
1 25
1 26
1 32
1 33
1 34
1 36
1 38
1 44
1 45
1 46
1 51
1 53
1 54
1 56
1 58
1 60
1 61
1 67
1 68
1 69
1 70
1 72
1 73
1 74
1 75
1 81
1 82
1 84
1 85
1 86
1 87
1 91
1 92
1 96
1 97
1 99
1 100
1 101
1 104
1 105
1 106
1 107
1 110
1 116
1 118
1 120
1 121
1 122
1 123
1 124
1 126
1 127
1 129
1 132
1 133
1 136
1 137
1 138
1 143
1 145
1 146
1 151
1 152
1 153
1 159
1 164
1 165
1 166
1 172
1 176
1 177
1 178
1 179
1 182
1 183
1 186
1 187
1 188
1 189
1 190
1 195
1 196
1 198
1 199
1 200
2 3
2 4
2 5
2 6
2 8
2 10
2 11
2 12
2 13
2 15
2 16
2 17
2 18
2 20
2 26
2 34
2 35
2 39
2 40
2 41
2 42
2 44
2 45
2 47
2 48
2 49
2 51
2 52
2 54
2 56
2 58
2 59
2 62
2 63
2 67
2 69
2 73
2 74
2 75
2 76
2 80
2 82
2 83
2 85
2 88
2 89
2 93
2 96
2 97
2 98
2 100
2 102
2 103
2 105
2 107
2 108
2 109
2 113
2 116
2 118
2 119
2 120
2 121
2 122
2 123
2 124
2 126
2 127
2 131
2 132
2 133
2 134
2 137
2 138
2 140
2 145
2 146
2 147
2 148
2 149
2 153
2 154
2 155
2 156
2 157
2 158
2 159
2 164
2 167
2 169
2 171
2 172
2 173
2 174
2 175
2 180
2 182
2 183
2 185
2 187
2 188
2 189
2 190
2 192
2 193
2 195
2 198
2 200
3 4
3 5
3 8
3 10
3 12
3 16
3 19
3 22
3 30
3 33
3 34
3 35
3 36
3 38
3 40
3 43
3 45
3 46
3 50
3 53
3 55
3 60
3 62
3 65
3 67
3 68
3 69
3 70
3 73
3 74
3 75
3 76
3 77
3 78
3 81
3 83
3 84
3 86
3 87
3 88
3 89
3 90
3 91
3 92
3 95
3 97
3 100
3 101
3 102
3 104
3 106
3 107
3 110
3 112
3 117
3 118
3 119
3 120
3 121
3 122
3 125
3 126
3 130
3 135
3 136
3 137
3 138
3 140
3 141
3 144
3 147
3 150
3 154
3 155
3 159
3 160
3 161
3 162
3 163
3 166
3 167
3 168
3 169
3 170
3 171
3 172
3 175
3 178
3 181
3 183
3 184
3 187
3 188
3 189
3 192
3 193
3 194
3 196
3 199
3 200
4 8
4 12
4 15
4 17
4 18
4 19
4 22
4 24
4 25
4 30
4 31
4 33
4 34
4 35
4 36
4 37
4 41
4 45
4 49
4 51
4 52
4 56
4 57
4 60
4 61
4 62
4 64
4 66
4 69
4 70
4 75
4 77
4 81
4 82
4 83
4 84
4 85
4 86
4 89
4 90
4 91
4 93
4 96
4 101
4 102
4 103
4 104
4 105
4 106
4 107
4 111
4 112
4 113
4 114
4 115
4 116
4 117
4 119
4 125
4 126
4 129
4 130
4 131
4 132
4 134
4 136
4 140
4 142
4 143
4 144
4 145
4 148
4 149
4 153
4 154
4 155
4 157
4 158
4 159
4 160
4 161
4 162
4 164
4 165
4 166
4 167
4 171
4 174
4 176
4 178
4 180
4 188
4 189
4 192
4 196
4 198
4 200
5 9
5 12
5 13
5 14
5 15
5 16
5 22
5 24
5 25
5 26
5 27
5 29
5 32
5 33
5 36
5 38
5 41
5 44
5 45
5 46
5 47
5 48
5 49
5 53
5 58
5 59
5 60
5 65
5 66
5 69
5 72
5 73
5 76
5 79
5 80
5 81
5 82
5 87
5 88
5 90
5 92
5 93
5 95
5 96
5 101
5 105
5 106
5 107
5 109
5 110
5 111
5 112
5 113
5 116
5 117
5 118
5 119
5 124
5 125
5 126
5 127
5 134
5 135
5 139
5 142
5 143
5 144
5 148
5 151
5 152
5 153
5 159
5 160
5 163
5 164
5 167
5 175
5 176
5 178
5 179
5 180
5 183
5 185
5 189
5 190
5 191
5 194
5 196
6 8
6 9
6 10
6 11
6 12
6 14
6 16
6 17
6 18
6 19
6 23
6 25
6 27
6 28
6 35
6 36
6 39
6 41
6 45
6 46
6 47
6 49
6 51
6 53
6 57
6 61
6 63
6 67
6 73
6 76
6 78
6 80
6 83
6 84
6 91
6 92
6 93
6 94
6 97
6 101
6 106
6 107
6 108
6 112
6 113
6 118
6 119
6 120
6 124
6 126
6 128
6 129
6 131
6 132
6 133
6 138
6 139
6 142
6 143
6 145
6 156
6 157
6 159
6 165
6 167
6 169
6 170
6 175
6 177
6 182
6 183
6 184
6 187
6 188
6 191
6 193
6 197
6 198
6 200
7 8
7 9
7 11
7 12
7 14
7 17
7 20
7 21
7 22
7 27
7 28
7 30
7 32
7 33
7 34
7 35
7 36
7 37
7 40
7 41
7 43
7 46
7 49
7 50
7 51
7 52
7 59
7 60
7 61
7 62
7 64
7 66
7 67
7 68
7 69
7 70
7 71
7 75
7 76
7 77
7 78
7 80
7 81
7 85
7 88
7 92
7 93
7 96
7 99
7 100
7 102
7 103
7 104
7 105
7 106
7 113
7 114
7 116
7 118
7 120
7 125
7 126
7 127
7 128
7 130
7 131
7 132
7 134
7 136
7 137
7 138
7 140
7 146
7 147
7 149
7 151
7 156
7 157
7 163
7 164
7 165
7 171
7 173
7 174
7 175
7 178
7 181
7 183
7 184
7 185
7 186
7 189
7 190
7 191
7 193
7 194
7 197
7 198
7 199
7 200
8 9
8 11
8 12
8 14
8 15
8 16
8 17
8 18
8 20
8 21
8 22
8 26
8 28
8 29
8 33
8 34
8 35
8 39
8 40
8 42
8 43
8 45
8 46
8 49
8 51
8 53
8 54
8 56
8 61
8 62
8 64
8 65
8 66
8 67
8 68
8 69
8 70
8 71
8 72
8 73
8 75
8 76
8 77
8 79
8 80
8 81
8 85
8 88
8 89
8 91
8 94
8 95
8 98
8 100
8 101
8 103
8 105
8 108
8 110
8 112
8 114
8 115
8 117
8 119
8 125
8 126
8 132
8 133
8 135
8 140
8 141
8 142
8 143
8 145
8 147
8 155
8 158
8 160
8 161
8 162
8 163
8 167
8 168
8 169
8 170
8 171
8 172
8 174
8 176
8 177
8 178
8 180
8 183
8 186
8 190
8 193
8 196
8 197
8 198
9 12
9 13
9 18
9 19
9 20
9 21
9 24
9 25
9 26
9 27
9 29
9 30
9 32
9 33
9 34
9 35
9 38
9 41
9 43
9 44
9 45
9 48
9 49
9 50
9 53
9 55
9 56
9 58
9 59
9 63
9 64
9 66
9 67
9 68
9 69
9 70
9 71
9 72
9 73
9 76
9 77
9 79
9 80
9 82
9 83
9 85
9 87
9 89
9 90
9 92
9 94
9 98
9 100
9 102
9 103
9 105
9 107
9 108
9 110
9 111
9 114
9 116
9 117
9 122
9 123
9 128
9 130
9 131
9 133
9 134
9 136
9 140
9 142
9 143
9 145
9 147
9 148
9 150
9 151
9 153
9 155
9 156
9 157
9 158
9 160
9 163
9 166
9 171
9 172
9 176
9 177
9 178
9 179
9 182
9 183
9 185
9 186
9 189
9 190
9 192
9 194
9 196
9 197
9 199
10 11
10 12
10 14
10 15
10 17
10 19
10 23
10 24
10 25
10 27
10 30
10 31
10 33
10 35
10 38
10 39
10 40
10 42
10 44
10 48
10 49
10 50
10 52
10 54
10 56
10 57
10 60
10 62
10 63
10 67
10 68
10 69
10 70
10 73
10 74
10 76
10 79
10 80
10 81
10 82
10 83
10 84
10 88
10 89
10 90
10 91
10 94
10 102
10 106
10 107
10 109
10 113
10 114
10 115
10 119
10 123
10 128
10 131
10 135
10 138
10 140
10 141
10 142
10 144
10 146
10 149
10 155
10 158
10 159
10 160
10 161
10 162
10 163
10 164
10 168
10 172
10 173
10 176
10 177
10 179
10 180
10 182
10 184
10 185
10 186
10 187
10 188
10 189
10 195
10 197
10 200
11 12
11 15
11 19
11 22
11 24
11 25
11 26
11 27
11 29
11 32
11 34
11 35
11 38
11 40
11 42
11 43
11 44
11 46
11 47
11 48
11 49
11 56
11 57
11 58
11 59
11 60
11 62
11 65
11 69
11 74
11 77
11 78
11 79
11 81
11 83
11 86
11 89
11 90
11 91
11 92
11 93
11 94
11 99
11 100
11 101
11 103
11 104
11 105
11 107
11 108
11 111
11 112
11 115
11 118
11 119
11 123
11 124
11 125
11 127
11 129
11 130
11 133
11 134
11 135
11 136
11 137
11 138
11 139
11 145
11 146
11 147
11 155
11 156
11 159
11 162
11 163
11 164
11 166
11 167
11 169
11 171
11 174
11 175
11 177
11 178
11 180
11 181
11 183
11 186
11 187
11 188
11 189
11 190
11 193
11 194
11 199
12 14
12 15
12 17
12 19
12 20
12 21
12 22
12 24
12 27
12 28
12 29
12 32
12 33
12 34
12 42
12 43
12 44
12 45
12 47
12 49
12 50
12 51
12 54
12 55
12 57
12 60
12 64
12 66
12 68
12 70
12 71
12 73
12 74
12 75
12 77
12 78
12 79
12 80
12 81
12 82
12 83
12 87
12 88
12 89
12 93
12 95
12 97
12 98
12 100
12 102
12 103
12 106
12 109
12 111
12 112
12 117
12 119
12 120
12 122
12 124
12 126
12 128
12 132
12 134
12 135
12 136
12 142
12 143
12 145
12 146
12 148
12 149
12 150
12 153
12 160
12 163
12 168
12 169
12 171
12 172
12 174
12 178
12 180
12 182
12 183
12 186
12 188
12 190
12 191
12 192
12 193
12 194
12 196
12 197
12 198
12 199
13 15
13 18
13 21
13 23
13 25
13 35
13 36
13 37
13 38
13 39
13 42
13 43
13 44
13 47
13 52
13 55
13 57
13 59
13 63
13 64
13 65
13 66
13 67
13 69
13 72
13 74
13 76
13 78
13 79
13 80
13 81
13 83
13 84
13 85
13 86
13 87
13 88
13 89
13 91
13 92
13 96
13 97
13 98
13 100
13 101
13 102
13 103
13 104
13 105
13 106
13 107
13 108
13 110
13 111
13 112
13 114
13 115
13 116
13 118
13 121
13 122
13 124
13 125
13 128
13 130
13 131
13 132
13 133
13 135
13 136
13 138
13 141
13 142
13 144
13 147
13 148
13 151
13 152
13 155
13 157
13 158
13 161
13 162
13 163
13 164
13 169
13 171
13 174
13 176
13 177
13 179
13 182
13 184
13 185
13 186
13 188
13 189
13 190
13 191
13 192
13 195
13 197
13 198
13 200
14 16
14 17
14 21
14 24
14 28
14 29
14 31
14 34
14 36
14 37
14 40
14 41
14 45
14 46
14 47
14 48
14 50
14 54
14 56
14 58
14 60
14 61
14 65
14 66
14 67
14 70
14 71
14 73
14 75
14 76
14 78
14 79
14 81
14 82
14 87
14 89
14 91
14 93
14 94
14 97
14 98
14 102
14 103
14 104
14 110
14 111
14 114
14 116
14 119
14 121
14 122
14 126
14 129
14 132
14 137
14 139
14 140
14 142
14 143
14 144
14 145
14 147
14 148
14 150
14 151
14 152
14 157
14 161
14 162
14 163
14 164
14 165
14 166
14 169
14 173
14 177
14 178
14 180
14 182
14 184
14 185
14 187
14 189
14 191
14 192
14 193
14 194
14 195
14 196
14 198
15 17
15 18
15 20
15 21
15 22
15 23
15 25
15 26
15 27
15 28
15 34
15 35
15 38
15 46
15 48
15 49
15 51
15 52
15 53
15 54
15 55
15 56
15 57
15 59
15 61
15 63
15 64
15 66
15 68
15 70
15 71
15 72
15 73
15 75
15 76
15 77
15 78
15 85
15 88
15 90
15 91
15 98
15 100
15 101
15 102
15 109
15 113
15 114
15 117
15 118
15 119
15 121
15 122
15 124
15 125
15 128
15 129
15 130
15 132
15 133
15 134
15 139
15 144
15 145
15 148
15 150
15 151
15 152
15 153
15 154
15 156
15 160
15 163
15 167
15 171
15 172
15 174
15 176
15 177
15 179
15 184
15 187
15 193
15 197
15 198
15 200
16 18
16 19
16 23
16 24
16 27
16 30
16 34
16 36
16 40
16 41
16 42
16 43
16 44
16 45
16 46
16 47
16 52
16 54
16 56
16 57
16 59
16 61
16 67
16 68
16 69
16 70
16 72
16 74
16 75
16 76
16 77
16 80
16 81
16 83
16 85
16 86
16 87
16 88
16 90
16 94
16 96
16 97
16 99
16 100
16 103
16 104
16 107
16 108
16 112
16 113
16 114
16 117
16 118
16 119
16 122
16 132
16 134
16 135
16 136
16 137
16 138
16 141
16 142
16 148
16 151
16 156
16 159
16 160
16 161
16 162
16 167
16 169
16 170
16 173
16 175
16 179
16 184
16 187
16 189
16 191
16 192
16 194
16 198
16 199
17 20
17 21
17 22
17 23
17 24
17 26
17 27
17 28
17 29
17 31
17 32
17 34
17 39
17 45
17 48
17 49
17 50
17 51
17 55
17 59
17 62
17 63
17 64
17 65
17 66
17 68
17 70
17 72
17 74
17 76
17 77
17 79
17 81
17 84
17 85
17 87
17 88
17 89
17 90
17 91
17 93
17 98
17 99
17 100
17 101
17 102
17 104
17 107
17 110
17 111
17 115
17 117
17 118
17 119
17 122
17 123
17 126
17 127
17 130
17 131
17 132
17 133
17 134
17 135
17 136
17 139
17 141
17 142
17 144
17 145
17 146
17 149
17 150
17 152
17 155
17 161
17 165
17 166
17 167
17 170
17 172
17 173
17 176
17 178
17 179
17 182
17 184
17 187
17 188
17 189
17 191
17 192
17 193
17 194
17 195
17 196
17 197
17 199
18 19
18 20
18 21
18 22
18 26
18 27
18 29
18 31
18 36
18 39
18 43
18 44
18 45
18 47
18 49
18 50
18 51
18 56
18 58
18 60
18 61
18 64
18 65
18 67
18 68
18 70
18 71
18 72
18 74
18 75
18 77
18 78
18 81
18 87
18 89
18 91
18 95
18 96
18 97
18 98
18 100
18 101
18 102
18 106
18 108
18 109
18 112
18 113
18 116
18 117
18 118
18 119
18 124
18 126
18 129
18 130
18 132
18 134
18 135
18 137
18 141
18 144
18 146
18 147
18 148
18 151
18 152
18 153
18 156
18 162
18 163
18 167
18 169
18 171
18 172
18 175
18 180
18 181
18 182
18 184
18 186
18 187
18 189
18 192
18 199
19 20
19 22
19 23
19 29
19 39
19 40
19 44
19 48
19 49
19 50
19 51
19 54
19 55
19 57
19 58
19 61
19 62
19 64
19 65
19 67
19 68
19 69
19 70
19 74
19 75
19 77
19 78
19 79
19 81
19 82
19 83
19 86
19 87
19 88
19 89
19 90
19 94
19 97
19 99
19 100
19 101
19 103
19 104
19 105
19 107
19 110
19 112
19 115
19 116
19 120
19 121
19 125
19 126
19 127
19 128
19 129
19 131
19 132
19 134
19 135
19 136
19 137
19 138
19 139
19 141
19 142
19 144
19 145
19 147
19 151
19 154
19 155
19 157
19 158
19 160
19 161
19 163
19 165
19 168
19 169
19 171
19 173
19 175
19 176
19 177
19 186
19 189
19 191
19 192
19 196
19 200
20 24
20 26
20 28
20 29
20 30
20 31
20 33
20 36
20 37
20 38
20 39
20 41
20 42
20 45
20 46
20 47
20 48
20 49
20 54
20 55
20 56
20 57
20 58
20 60
20 61
20 63
20 65
20 68
20 69
20 72
20 73
20 75
20 76
20 77
20 80
20 81
20 82
20 87
20 89
20 90
20 91
20 94
20 96
20 99
20 100
20 102
20 103
20 104
20 106
20 111
20 113
20 114
20 117
20 122
20 123
20 131
20 134
20 135
20 136
20 138
20 140
20 141
20 142
20 143
20 144
20 145
20 147
20 149
20 150
20 151
20 153
20 154
20 155
20 156
20 157
20 165
20 166
20 167
20 169
20 175
20 177
20 178
20 180
20 181
20 185
20 189
20 196
20 197
20 198
20 200
21 22
21 24
21 25
21 26
21 28
21 29
21 37
21 38
21 39
21 40
21 43
21 45
21 47
21 48
21 50
21 53
21 54
21 57
21 59
21 60
21 62
21 63
21 64
21 70
21 71
21 72
21 79
21 80
21 81
21 84
21 85
21 87
21 92
21 95
21 96
21 99
21 101
21 102
21 103
21 104
21 106
21 107
21 109
21 110
21 112
21 116
21 117
21 119
21 120
21 121
21 123
21 124
21 125
21 126
21 128
21 129
21 130
21 131
21 134
21 136
21 137
21 141
21 143
21 145
21 146
21 148
21 152
21 153
21 154
21 156
21 157
21 158
21 160
21 164
21 167
21 170
21 171
21 173
21 175
21 178
21 179
21 180
21 185
21 186
21 187
21 188
21 189
21 191
21 193
21 194
21 196
21 197
21 199
21 200
22 23
22 24
22 25
22 26
22 27
22 28
22 31
22 32
22 34
22 36
22 37
22 38
22 39
22 42
22 45
22 48
22 49
22 52
22 53
22 54
22 56
22 58
22 63
22 71
22 72
22 74
22 76
22 77
22 78
22 79
22 80
22 81
22 82
22 83
22 84
22 86
22 87
22 88
22 89
22 91
22 92
22 93
22 95
22 96
22 97
22 102
22 103
22 104
22 106
22 109
22 110
22 113
22 114
22 115
22 118
22 123
22 124
22 126
22 128
22 129
22 132
22 135
22 136
22 137
22 139
22 140
22 141
22 144
22 146
22 147
22 148
22 154
22 159
22 160
22 162
22 163
22 167
22 168
22 169
22 175
22 176
22 178
22 179
22 182
22 186
22 188
22 189
22 190
22 192
22 194
22 198
22 199
22 200
23 25
23 27
23 32
23 33
23 34
23 35
23 36
23 37
23 38
23 39
23 42
23 44
23 47
23 48
23 49
23 55
23 56
23 59
23 62
23 65
23 68
23 69
23 71
23 74
23 76
23 77
23 79
23 80
23 83
23 84
23 85
23 88
23 89
23 90
23 93
23 95
23 96
23 99
23 102
23 103
23 105
23 107
23 109
23 111
23 112
23 113
23 114
23 115
23 116
23 118
23 124
23 125
23 128
23 129
23 130
23 132
23 133
23 135
23 141
23 145
23 148
23 152
23 157
23 160
23 161
23 162
23 165
23 166
23 167
23 169
23 170
23 171
23 172
23 174
23 178
23 180
23 181
23 183
23 184
23 185
23 186
23 190
23 191
23 192
23 194
23 197
23 199
23 200
24 25
24 26
24 29
24 30
24 31
24 34
24 35
24 36
24 38
24 40
24 42
24 43
24 44
24 46
24 47
24 48
24 49
24 51
24 52
24 54
24 55
24 56
24 57
24 58
24 59
24 61
24 62
24 63
24 68
24 70
24 71
24 74
24 75
24 76
24 78
24 79
24 80
24 81
24 83
24 85
24 87
24 89
24 90
24 92
24 93
24 94
24 96
24 97
24 98
24 100
24 101
24 107
24 110
24 111
24 115
24 116
24 118
24 121
24 124
24 126
24 127
24 128
24 129
24 132
24 133
24 135
24 137
24 141
24 143
24 144
24 148
24 149
24 150
24 151
24 154
24 155
24 160
24 161
24 162
24 164
24 166
24 167
24 168
24 173
24 174
24 175
24 176
24 177
24 178
24 180
24 181
24 183
24 185
24 187
24 189
24 192
24 194
24 196
24 197
24 198
24 200
25 29
25 36
25 44
25 45
25 46
25 47
25 49
25 56
25 57
25 59
25 60
25 62
25 63
25 66
25 68
25 69
25 70
25 72
25 73
25 75
25 76
25 78
25 79
25 80
25 83
25 86
25 88
25 89
25 92
25 93
25 95
25 96
25 98
25 99
25 100
25 107
25 108
25 110
25 111
25 112
25 114
25 115
25 116
25 120
25 122
25 124
25 126
25 127
25 132
25 133
25 135
25 137
25 139
25 140
25 141
25 142
25 144
25 145
25 147
25 150
25 151
25 155
25 156
25 157
25 158
25 159
25 162
25 163
25 167
25 169
25 170
25 173
25 177
25 178
25 180
25 182
25 185
25 186
25 187
25 188
25 189
25 191
25 196
25 200
26 27
26 28
26 29
26 35
26 36
26 39
26 41
26 42
26 44
26 47
26 49
26 51
26 52
26 53
26 56
26 60
26 61
26 64
26 65
26 66
26 68
26 70
26 71
26 73
26 74
26 75
26 77
26 78
26 79
26 81
26 83
26 84
26 85
26 87
26 90
26 91
26 93
26 94
26 95
26 97
26 98
26 100
26 101
26 107
26 109
26 110
26 111
26 114
26 116
26 117
26 120
26 122
26 125
26 127
26 128
26 130
26 132
26 133
26 134
26 135
26 136
26 138
26 139
26 140
26 142
26 145
26 146
26 148
26 153
26 156
26 157
26 161
26 163
26 164
26 165
26 170
26 171
26 172
26 173
26 179
26 180
26 183
26 184
26 185
26 186
26 187
26 188
26 189
26 193
26 194
26 195
26 196
26 198
26 199
26 200
27 28
27 29
27 30
27 31
27 33
27 34
27 35
27 36
27 38
27 39
27 41
27 42
27 43
27 48
27 49
27 50
27 51
27 53
27 54
27 55
27 56
27 58
27 64
27 65
27 67
27 73
27 74
27 76
27 77
27 81
27 82
27 84
27 85
27 86
27 87
27 88
27 89
27 91
27 95
27 99
27 100
27 101
27 103
27 106
27 108
27 109
27 111
27 112
27 114
27 115
27 119
27 120
27 122
27 124
27 127
27 130
27 138
27 139
27 142
27 143
27 148
27 150
27 153
27 157
27 160
27 161
27 163
27 167
27 168
27 173
27 176
27 177
27 178
27 179
27 180
27 182
27 183
27 184
27 186
27 187
27 189
27 190
27 191
27 192
27 194
27 195
27 197
27 198
27 199
28 31
28 33
28 35
28 39
28 40
28 41
28 42
28 43
28 45
28 46
28 47
28 51
28 54
28 56
28 62
28 66
28 70
28 71
28 72
28 74
28 75
28 77
28 80
28 81
28 86
28 87
28 88
28 91
28 93
28 94
28 96
28 102
28 103
28 105
28 106
28 107
28 109
28 110
28 112
28 114
28 116
28 117
28 118
28 119
28 120
28 121
28 123
28 125
28 126
28 127
28 128
28 134
28 135
28 136
28 137
28 141
28 142
28 144
28 146
28 147
28 150
28 154
28 158
28 160
28 162
28 165
28 166
28 167
28 170
28 171
28 172
28 177
28 178
28 179
28 181
28 184
28 185
28 186
28 187
28 190
28 192
28 193
28 195
28 198
28 199
28 200
29 30
29 31
29 33
29 34
29 35
29 36
29 38
29 41
29 45
29 46
29 49
29 50
29 51
29 52
29 55
29 57
29 60
29 63
29 64
29 65
29 67
29 73
29 74
29 75
29 76
29 78
29 81
29 84
29 85
29 87
29 88
29 89
29 92
29 93
29 94
29 95
29 96
29 100
29 101
29 102
29 106
29 109
29 111
29 112
29 114
29 116
29 117
29 123
29 124
29 125
29 127
29 130
29 133
29 134
29 136
29 137
29 138
29 139
29 140
29 141
29 146
29 147
29 152
29 153
29 154
29 155
29 156
29 157
29 158
29 160
29 161
29 162
29 163
29 165
29 166
29 169
29 170
29 171
29 174
29 177
29 178
29 180
29 183
29 184
29 185
29 187
29 189
29 190
29 191
29 193
29 195
29 196
29 197
29 198
30 32
30 35
30 37
30 38
30 43
30 44
30 45
30 46
30 47
30 49
30 52
30 53
30 54
30 55
30 56
30 57
30 58
30 59
30 60
30 61
30 63
30 64
30 66
30 69
30 70
30 76
30 85
30 90
30 94
30 95
30 96
30 97
30 99
30 100
30 106
30 108
30 111
30 112
30 115
30 118
30 121
30 122
30 124
30 126
30 128
30 130
30 131
30 132
30 133
30 135
30 140
30 142
30 145
30 148
30 152
30 153
30 154
30 155
30 158
30 159
30 163
30 166
30 167
30 168
30 170
30 172
30 175
30 176
30 177
30 185
30 186
30 188
30 191
30 192
30 194
30 197
30 198
31 32
31 34
31 38
31 39
31 41
31 42
31 43
31 47
31 49
31 53
31 58
31 59
31 60
31 62
31 63
31 64
31 65
31 67
31 68
31 69
31 72
31 73
31 75
31 76
31 78
31 79
31 83
31 85
31 88
31 89
31 91
31 92
31 94
31 95
31 99
31 100
31 101
31 102
31 103
31 105
31 106
31 107
31 108
31 110
31 111
31 113
31 115
31 116
31 117
31 119
31 120
31 124
31 126
31 128
31 131
31 134
31 135
31 136
31 137
31 139
31 140
31 142
31 146
31 147
31 148
31 151
31 154
31 156
31 157
31 159
31 160
31 161
31 167
31 170
31 175
31 176
31 177
31 179
31 180
31 181
31 182
31 183
31 184
31 187
31 188
31 190
31 191
31 193
31 198
31 199
32 37
32 40
32 41
32 45
32 47
32 49
32 50
32 51
32 52
32 54
32 55
32 56
32 57
32 60
32 61
32 64
32 66
32 67
32 69
32 74
32 77
32 79
32 82
32 84
32 87
32 88
32 89
32 90
32 95
32 97
32 98
32 102
32 103
32 104
32 106
32 107
32 108
32 109
32 110
32 112
32 113
32 114
32 116
32 118
32 119
32 120
32 122
32 123
32 124
32 125
32 126
32 127
32 128
32 132
32 135
32 136
32 139
32 142
32 144
32 145
32 147
32 149
32 150
32 151
32 152
32 154
32 155
32 156
32 168
32 171
32 172
32 173
32 176
32 178
32 179
32 180
32 181
32 182
32 185
32 187
32 189
32 191
32 196
32 197
32 198
32 200
33 34
33 35
33 40
33 44
33 45
33 47
33 49
33 52
33 53
33 56
33 62
33 63
33 64
33 67
33 68
33 69
33 70
33 71
33 72
33 74
33 75
33 76
33 78
33 79
33 80
33 83
33 85
33 88
33 90
33 93
33 96
33 97
33 98
33 100
33 101
33 102
33 103
33 104
33 105
33 106
33 108
33 109
33 111
33 113
33 114
33 116
33 117
33 118
33 122
33 123
33 127
33 129
33 134
33 135
33 136
33 137
33 138
33 139
33 140
33 141
33 144
33 145
33 147
33 149
33 152
33 154
33 155
33 158
33 160
33 161
33 163
33 165
33 166
33 169
33 171
33 172
33 177
33 178
33 180
33 181
33 185
33 187
33 188
33 190
33 192
33 193
33 195
33 196
33 200
34 35
34 37
34 39
34 48
34 51
34 52
34 54
34 59
34 60
34 62
34 63
34 64
34 71
34 73
34 74
34 75
34 76
34 77
34 78
34 80
34 81
34 82
34 84
34 86
34 87
34 91
34 92
34 96
34 98
34 99
34 101
34 102
34 103
34 107
34 113
34 114
34 116
34 120
34 121
34 123
34 125
34 127
34 129
34 130
34 134
34 138
34 141
34 142
34 146
34 149
34 150
34 154
34 155
34 157
34 159
34 160
34 161
34 163
34 164
34 165
34 167
34 168
34 169
34 170
34 172
34 174
34 176
34 177
34 179
34 181
34 182
34 185
34 189
34 192
34 193
34 195
34 200
35 37
35 38
35 41
35 42
35 45
35 48
35 49
35 52
35 53
35 56
35 64
35 66
35 68
35 70
35 71
35 73
35 76
35 78
35 81
35 82
35 85
35 87
35 88
35 89
35 90
35 91
35 92
35 94
35 95
35 96
35 98
35 99
35 100
35 101
35 102
35 105
35 106
35 107
35 110
35 111
35 112
35 114
35 116
35 117
35 120
35 123
35 132
35 135
35 138
35 140
35 143
35 144
35 146
35 147
35 149
35 152
35 154
35 155
35 158
35 161
35 163
35 165
35 166
35 167
35 169
35 171
35 172
35 175
35 176
35 177
35 181
35 183
35 184
35 185
35 186
35 188
35 189
35 190
35 192
35 194
35 197
35 198
35 200
36 37
36 39
36 41
36 45
36 50
36 52
36 53
36 54
36 55
36 56
36 58
36 62
36 63
36 64
36 66
36 67
36 69
36 70
36 71
36 72
36 73
36 75
36 76
36 78
36 79
36 82
36 84
36 85
36 86
36 87
36 89
36 91
36 94
36 95
36 97
36 99
36 100
36 101
36 103
36 106
36 107
36 108
36 109
36 110
36 111
36 112
36 113
36 114
36 115
36 120
36 122
36 124
36 125
36 126
36 128
36 130
36 132
36 134
36 135
36 136
36 140
36 141
36 142
36 143
36 144
36 146
36 147
36 148
36 149
36 150
36 151
36 154
36 155
36 156
36 160
36 165
36 166
36 167
36 173
36 174
36 176
36 177
36 178
36 182
36 185
36 187
36 188
36 190
36 193
36 194
36 196
36 197
36 198
36 200
37 38
37 40
37 42
37 44
37 47
37 49
37 50
37 51
37 53
37 55
37 56
37 58
37 60
37 61
37 63
37 64
37 69
37 70
37 71
37 74
37 75
37 76
37 77
37 79
37 82
37 84
37 85
37 88
37 91
37 94
37 95
37 96
37 99
37 100
37 101
37 102
37 104
37 105
37 109
37 112
37 116
37 121
37 122
37 123
37 126
37 127
37 134
37 137
37 140
37 141
37 143
37 144
37 145
37 146
37 147
37 148
37 149
37 150
37 151
37 152
37 155
37 156
37 158
37 160
37 163
37 164
37 166
37 167
37 168
37 172
37 173
37 174
37 179
37 185
37 186
37 187
37 193
37 194
37 195
37 196
38 39
38 40
38 42
38 43
38 45
38 46
38 47
38 48
38 51
38 56
38 59
38 60
38 62
38 64
38 66
38 67
38 68
38 70
38 71
38 75
38 76
38 77
38 78
38 80
38 81
38 82
38 83
38 88
38 89
38 94
38 95
38 97
38 101
38 104
38 110
38 111
38 112
38 114
38 115
38 117
38 120
38 121
38 122
38 124
38 126
38 129
38 132
38 138
38 139
38 140
38 144
38 146
38 147
38 149
38 151
38 152
38 155
38 157
38 158
38 159
38 161
38 162
38 164
38 165
38 166
38 167
38 173
38 178
38 179
38 180
38 182
38 183
38 184
38 188
38 189
38 191
38 193
38 194
38 195
38 198
38 199
38 200
39 40
39 45
39 49
39 50
39 52
39 55
39 57
39 58
39 59
39 61
39 62
39 66
39 68
39 70
39 72
39 73
39 74
39 76
39 77
39 79
39 80
39 81
39 83
39 84
39 86
39 89
39 90
39 91
39 93
39 96
39 99
39 100
39 103
39 104
39 107
39 110
39 112
39 114
39 117
39 120
39 124
39 125
39 128
39 130
39 132
39 133
39 135
39 139
39 141
39 142
39 143
39 146
39 147
39 148
39 157
39 159
39 162
39 163
39 165
39 167
39 171
39 172
39 173
39 174
39 175
39 178
39 179
39 180
39 181
39 182
39 186
39 187
39 189
39 191
39 194
39 196
39 197
39 198
39 200
40 42
40 44
40 46
40 47
40 49
40 51
40 56
40 57
40 61
40 64
40 67
40 68
40 71
40 72
40 74
40 75
40 80
40 81
40 82
40 84
40 85
40 88
40 89
40 90
40 91
40 92
40 93
40 94
40 95
40 96
40 99
40 101
40 104
40 105
40 106
40 107
40 108
40 109
40 111
40 112
40 118
40 121
40 122
40 123
40 124
40 125
40 131
40 132
40 134
40 135
40 137
40 140
40 141
40 144
40 148
40 151
40 152
40 153
40 155
40 157
40 158
40 159
40 163
40 166
40 167
40 168
40 171
40 173
40 174
40 175
40 178
40 179
40 183
40 184
40 185
40 186
40 189
40 190
40 191
40 195
40 197
40 199
40 200
41 44
41 46
41 48
41 52
41 54
41 55
41 56
41 57
41 59
41 64
41 65
41 68
41 72
41 77
41 79
41 80
41 83
41 85
41 87
41 88
41 90
41 91
41 94
41 95
41 97
41 98
41 100
41 101
41 104
41 106
41 108
41 109
41 110
41 112
41 113
41 115
41 117
41 120
41 122
41 126
41 130
41 134
41 136
41 142
41 143
41 144
41 145
41 146
41 148
41 154
41 158
41 159
41 160
41 163
41 165
41 166
41 169
41 175
41 177
41 180
41 182
41 183
41 184
41 186
41 187
41 189
41 191
41 196
41 198
41 199
41 200
42 43
42 45
42 47
42 48
42 49
42 52
42 57
42 59
42 60
42 61
42 63
42 64
42 65
42 66
42 68
42 70
42 72
42 73
42 76
42 77
42 78
42 80
42 81
42 86
42 87
42 88
42 90
42 91
42 98
42 100
42 102
42 103
42 104
42 105
42 107
42 108
42 109
42 110
42 117
42 118
42 121
42 124
42 125
42 126
42 127
42 128
42 132
42 134
42 137
42 138
42 139
42 140
42 141
42 142
42 143
42 144
42 146
42 147
42 152
42 154
42 156
42 161
42 164
42 166
42 168
42 169
42 170
42 171
42 172
42 173
42 178
42 179
42 180
42 181
42 185
42 186
42 187
42 189
42 192
42 194
42 195
42 196
43 44
43 49
43 50
43 52
43 53
43 54
43 56
43 59
43 60
43 62
43 63
43 64
43 65
43 66
43 67
43 68
43 69
43 70
43 72
43 73
43 75
43 78
43 79
43 83
43 85
43 86
43 89
43 92
43 94
43 95
43 96
43 97
43 98
43 99
43 100
43 105
43 106
43 107
43 108
43 110
43 111
43 112
43 113
43 115
43 119
43 120
43 125
43 127
43 128
43 133
43 134
43 136
43 140
43 141
43 146
43 147
43 149
43 152
43 156
43 158
43 159
43 160
43 162
43 164
43 166
43 167
43 169
43 171
43 172
43 174
43 175
43 176
43 177
43 178
43 180
43 182
43 183
43 187
43 189
43 191
43 194
43 195
43 196
43 197
43 200
44 47
44 51
44 52
44 53
44 54
44 55
44 57
44 58
44 59
44 61
44 62
44 63
44 64
44 65
44 66
44 69
44 70
44 71
44 72
44 74
44 75
44 76
44 79
44 80
44 87
44 88
44 90
44 91
44 92
44 94
44 97
44 98
44 102
44 103
44 104
44 106
44 110
44 112
44 116
44 117
44 118
44 119
44 120
44 122
44 123
44 127
44 128
44 130
44 131
44 137
44 139
44 140
44 141
44 144
44 145
44 146
44 147
44 148
44 152
44 153
44 154
44 158
44 159
44 161
44 162
44 164
44 166
44 170
44 171
44 174
44 175
44 176
44 178
44 179
44 180
44 185
44 186
44 187
44 188
44 192
44 193
44 194
44 196
44 199
44 200
45 46
45 47
45 50
45 52
45 54
45 55
45 57
45 58
45 60
45 63
45 64
45 67
45 68
45 71
45 73
45 75
45 76
45 81
45 84
45 86
45 87
45 91
45 93
45 94
45 95
45 97
45 99
45 100
45 108
45 111
45 114
45 115
45 118
45 120
45 121
45 122
45 123
45 125
45 127
45 129
45 134
45 136
45 137
45 138
45 139
45 140
45 142
45 144
45 145
45 146
45 147
45 148
45 149
45 151
45 152
45 153
45 154
45 155
45 156
45 162
45 163
45 165
45 167
45 168
45 179
45 181
45 185
45 191
45 193
45 194
45 196
45 197
45 198
45 200
46 47
46 49
46 51
46 53
46 54
46 55
46 60
46 62
46 65
46 66
46 67
46 68
46 69
46 71
46 72
46 75
46 77
46 80
46 82
46 85
46 86
46 87
46 88
46 89
46 92
46 94
46 95
46 97
46 98
46 100
46 104
46 105
46 108
46 109
46 110
46 111
46 112
46 114
46 115
46 117
46 118
46 120
46 121
46 122
46 124
46 125
46 126
46 131
46 132
46 133
46 134
46 135
46 137
46 138
46 139
46 142
46 143
46 144
46 145
46 146
46 148
46 150
46 152
46 153
46 154
46 155
46 156
46 157
46 158
46 160
46 164
46 165
46 166
46 167
46 168
46 170
46 171
46 173
46 174
46 176
46 178
46 181
46 184
46 185
46 186
46 188
46 191
46 193
46 196
46 197
46 200
47 48
47 49
47 52
47 54
47 57
47 58
47 61
47 64
47 66
47 69
47 71
47 72
47 76
47 77
47 78
47 80
47 81
47 88
47 90
47 91
47 92
47 93
47 94
47 95
47 96
47 97
47 98
47 99
47 101
47 102
47 103
47 105
47 106
47 107
47 109
47 111
47 113
47 114
47 116
47 120
47 122
47 127
47 131
47 134
47 136
47 137
47 139
47 140
47 141
47 142
47 144
47 146
47 147
47 151
47 155
47 157
47 158
47 160
47 161
47 162
47 164
47 166
47 167
47 169
47 170
47 173
47 175
47 176
47 177
47 179
47 180
47 183
47 184
47 186
47 187
47 189
47 191
47 192
47 193
47 195
47 198
47 199
48 51
48 54
48 58
48 59
48 67
48 68
48 70
48 72
48 73
48 74
48 75
48 77
48 78
48 79
48 81
48 82
48 84
48 86
48 88
48 89
48 92
48 95
48 96
48 97
48 101
48 102
48 104
48 111
48 112
48 114
48 116
48 117
48 118
48 119
48 124
48 126
48 127
48 131
48 135
48 140
48 142
48 143
48 145
48 146
48 150
48 151
48 152
48 158
48 159
48 162
48 163
48 164
48 165
48 169
48 172
48 174
48 176
48 178
48 181
48 185
48 189
48 191
48 192
48 193
48 194
48 196
48 197
48 200
49 51
49 52
49 54
49 56
49 57
49 58
49 59
49 60
49 63
49 64
49 66
49 67
49 68
49 70
49 74
49 75
49 76
49 77
49 78
49 80
49 81
49 84
49 86
49 87
49 88
49 89
49 90
49 91
49 94
49 97
49 102
49 103
49 104
49 106
49 108
49 110
49 111
49 112
49 114
49 116
49 121
49 122
49 123
49 124
49 125
49 127
49 132
49 133
49 135
49 137
49 139
49 145
49 147
49 149
49 154
49 156
49 159
49 160
49 162
49 164
49 165
49 170
49 181
49 186
49 190
49 191
49 193
49 194
49 195
49 197
49 199
49 200
50 51
50 52
50 55
50 58
50 61
50 62
50 63
50 65
50 66
50 67
50 73
50 74
50 75
50 78
50 80
50 81
50 82
50 83
50 87
50 88
50 91
50 95
50 96
50 97
50 98
50 99
50 102
50 104
50 106
50 109
50 112
50 114
50 115
50 117
50 118
50 120
50 121
50 122
50 123
50 124
50 125
50 126
50 130
50 132
50 133
50 136
50 137
50 141
50 143
50 144
50 145
50 148
50 149
50 150
50 151
50 155
50 157
50 158
50 159
50 165
50 166
50 168
50 169
50 170
50 171
50 172
50 173
50 174
50 175
50 178
50 180
50 181
50 182
50 183
50 186
50 189
50 191
50 192
50 193
50 194
50 199
51 53
51 55
51 56
51 59
51 60
51 62
51 63
51 66
51 69
51 72
51 73
51 74
51 75
51 76
51 77
51 78
51 79
51 80
51 81
51 82
51 84
51 85
51 88
51 89
51 90
51 94
51 95
51 96
51 97
51 99
51 100
51 102
51 104
51 107
51 108
51 110
51 111
51 112
51 115
51 116
51 119
51 120
51 122
51 124
51 125
51 126
51 128
51 130
51 132
51 139
51 142
51 144
51 145
51 146
51 147
51 149
51 151
51 152
51 153
51 156
51 157
51 158
51 159
51 162
51 167
51 169
51 170
51 173
51 174
51 177
51 180
51 182
51 187
51 189
51 190
51 194
51 195
51 196
51 198
51 199
51 200
52 53
52 58
52 60
52 61
52 62
52 65
52 70
52 73
52 76
52 77
52 79
52 86
52 89
52 90
52 91
52 95
52 96
52 98
52 100
52 101
52 102
52 107
52 110
52 111
52 112
52 114
52 116
52 117
52 118
52 119
52 121
52 122
52 123
52 126
52 127
52 128
52 130
52 131
52 132
52 138
52 139
52 141
52 143
52 145
52 146
52 149
52 150
52 152
52 153
52 155
52 156
52 159
52 163
52 164
52 167
52 171
52 172
52 174
52 176
52 177
52 184
52 189
52 192
52 195
52 196
52 197
52 198
52 199
53 54
53 57
53 58
53 59
53 60
53 64
53 65
53 67
53 68
53 69
53 72
53 73
53 74
53 75
53 77
53 84
53 85
53 90
53 91
53 92
53 93
53 94
53 95
53 96
53 97
53 98
53 99
53 101
53 103
53 107
53 109
53 111
53 114
53 115
53 117
53 119
53 121
53 130
53 133
53 134
53 135
53 139
53 144
53 146
53 147
53 149
53 151
53 152
53 153
53 155
53 157
53 158
53 161
53 164
53 165
53 166
53 175
53 179
53 182
53 183
53 184
53 185
53 186
53 189
53 190
53 191
53 197
53 198
54 55
54 58
54 61
54 65
54 67
54 68
54 71
54 73
54 78
54 79
54 80
54 82
54 86
54 88
54 89
54 90
54 91
54 92
54 95
54 96
54 100
54 101
54 102
54 105
54 106
54 107
54 108
54 109
54 114
54 115
54 116
54 118
54 119
54 121
54 126
54 127
54 128
54 130
54 131
54 133
54 135
54 136
54 137
54 139
54 141
54 143
54 146
54 147
54 149
54 153
54 154
54 156
54 159
54 160
54 162
54 163
54 171
54 172
54 173
54 174
54 177
54 178
54 180
54 182
54 184
54 186
54 188
54 190
54 191
54 194
54 196
54 198
55 56
55 62
55 63
55 64
55 66
55 67
55 68
55 70
55 71
55 72
55 73
55 75
55 77
55 78
55 80
55 83
55 84
55 87
55 88
55 89
55 90
55 94
55 97
55 98
55 104
55 106
55 109
55 110
55 112
55 113
55 119
55 121
55 123
55 125
55 126
55 127
55 128
55 129
55 132
55 137
55 138
55 144
55 145
55 146
55 149
55 152
55 153
55 155
55 157
55 159
55 160
55 161
55 163
55 168
55 170
55 173
55 174
55 176
55 178
55 179
55 180
55 183
55 184
55 188
55 189
55 193
55 195
55 196
55 197
55 198
56 57
56 60
56 62
56 63
56 67
56 70
56 72
56 76
56 77
56 81
56 84
56 86
56 88
56 90
56 91
56 95
56 98
56 100
56 103
56 104
56 106
56 107
56 110
56 112
56 114
56 116
56 118
56 120
56 121
56 125
56 126
56 131
56 132
56 133
56 136
56 137
56 140
56 145
56 146
56 147
56 148
56 150
56 153
56 155
56 156
56 157
56 158
56 162
56 166
56 168
56 169
56 170
56 172
56 176
56 179
56 183
56 185
56 186
56 187
56 189
56 191
56 194
56 196
56 197
56 199
57 58
57 62
57 65
57 69
57 75
57 79
57 80
57 81
57 84
57 88
57 89
57 90
57 98
57 101
57 102
57 103
57 105
57 108
57 109
57 112
57 113
57 114
57 115
57 116
57 117
57 119
57 122
57 123
57 124
57 127
57 129
57 132
57 133
57 134
57 138
57 141
57 144
57 145
57 147
57 148
57 152
57 156
57 157
57 159
57 162
57 163
57 164
57 169
57 170
57 174
57 178
57 179
57 181
57 182
57 183
57 186
57 187
57 188
57 189
57 191
57 194
57 196
57 197
58 59
58 61
58 65
58 66
58 69
58 73
58 74
58 75
58 78
58 80
58 83
58 84
58 85
58 87
58 88
58 92
58 95
58 96
58 99
58 100
58 102
58 103
58 105
58 106
58 109
58 111
58 112
58 116
58 118
58 119
58 120
58 122
58 125
58 128
58 129
58 132
58 135
58 139
58 141
58 144
58 145
58 149
58 152
58 153
58 154
58 157
58 158
58 159
58 161
58 163
58 165
58 166
58 167
58 170
58 173
58 175
58 176
58 179
58 181
58 182
58 185
58 189
58 193
58 194
58 196
58 197
58 198
58 199
58 200
59 61
59 64
59 66
59 68
59 71
59 74
59 76
59 81
59 82
59 83
59 85
59 88
59 89
59 90
59 92
59 98
59 99
59 100
59 102
59 105
59 106
59 107
59 108
59 110
59 111
59 112
59 114
59 115
59 118
59 119
59 123
59 124
59 126
59 128
59 129
59 130
59 132
59 134
59 138
59 140
59 141
59 142
59 144
59 145
59 146
59 148
59 150
59 151
59 154
59 156
59 157
59 158
59 159
59 160
59 162
59 165
59 171
59 173
59 174
59 175
59 176
59 178
59 180
59 183
59 187
59 188
59 192
59 193
59 195
59 197
60 61
60 64
60 65
60 66
60 72
60 74
60 76
60 78
60 79
60 81
60 83
60 86
60 87
60 88
60 90
60 91
60 93
60 96
60 97
60 98
60 101
60 103
60 106
60 108
60 109
60 110
60 111
60 112
60 113
60 115
60 118
60 119
60 120
60 123
60 124
60 131
60 134
60 137
60 138
60 139
60 140
60 143
60 144
60 145
60 146
60 147
60 148
60 151
60 152
60 154
60 155
60 156
60 157
60 158
60 159
60 160
60 161
60 162
60 166
60 167
60 168
60 172
60 173
60 174
60 176
60 177
60 179
60 180
60 181
60 182
60 185
60 187
60 188
60 190
60 194
60 195
60 196
60 200
61 62
61 68
61 70
61 71
61 72
61 73
61 74
61 76
61 78
61 79
61 80
61 81
61 82
61 83
61 84
61 89
61 90
61 91
61 92
61 93
61 95
61 97
61 98
61 101
61 104
61 106
61 107
61 108
61 109
61 110
61 117
61 120
61 122
61 123
61 125
61 126
61 127
61 129
61 131
61 133
61 134
61 137
61 138
61 139
61 145
61 146
61 147
61 148
61 149
61 151
61 152
61 156
61 159
61 161
61 163
61 164
61 165
61 167
61 170
61 173
61 175
61 176
61 178
61 181
61 183
61 186
61 187
61 191
61 195
61 196
61 197
61 198
61 199
61 200
62 63
62 68
62 69
62 73
62 74
62 78
62 79
62 80
62 82
62 83
62 85
62 86
62 93
62 96
62 100
62 101
62 110
62 112
62 113
62 115
62 117
62 118
62 119
62 120
62 123
62 124
62 125
62 126
62 127
62 128
62 130
62 133
62 140
62 145
62 146
62 147
62 148
62 151
62 152
62 154
62 155
62 156
62 157
62 158
62 162
62 164
62 165
62 166
62 172
62 173
62 176
62 178
62 179
62 180
62 182
62 184
62 185
62 186
62 189
62 190
62 191
62 192
62 194
62 195
62 200
63 64
63 65
63 67
63 71
63 73
63 76
63 77
63 82
63 84
63 85
63 86
63 87
63 89
63 98
63 99
63 100
63 101
63 105
63 106
63 110
63 113
63 114
63 115
63 117
63 119
63 121
63 124
63 127
63 129
63 134
63 135
63 136
63 137
63 138
63 139
63 141
63 143
63 147
63 149
63 151
63 152
63 155
63 157
63 160
63 163
63 164
63 167
63 168
63 170
63 176
63 181
63 183
63 184
63 188
63 189
63 190
63 192
63 196
63 198
64 65
64 66
64 67
64 68
64 69
64 73
64 74
64 75
64 77
64 79
64 80
64 82
64 87
64 88
64 89
64 93
64 96
64 101
64 103
64 107
64 108
64 109
64 110
64 112
64 116
64 120
64 121
64 122
64 123
64 125
64 126
64 127
64 131
64 132
64 134
64 135
64 136
64 139
64 141
64 145
64 147
64 148
64 150
64 153
64 154
64 155
64 157
64 158
64 163
64 164
64 165
64 166
64 167
64 168
64 170
64 171
64 178
64 180
64 181
64 185
64 189
64 190
64 192
64 196
64 197
64 198
64 200
65 66
65 69
65 71
65 73
65 76
65 77
65 80
65 81
65 82
65 83
65 84
65 92
65 93
65 94
65 95
65 97
65 98
65 99
65 100
65 102
65 103
65 105
65 106
65 109
65 110
65 111
65 112
65 115
65 116
65 118
65 120
65 121
65 125
65 126
65 127
65 128
65 130
65 131
65 136
65 142
65 152
65 153
65 154
65 155
65 160
65 163
65 165
65 168
65 169
65 172
65 175
65 180
65 181
65 182
65 183
65 184
65 188
65 189
65 190
65 192
65 194
65 196
65 197
66 68
66 69
66 70
66 71
66 72
66 73
66 75
66 80
66 82
66 83
66 86
66 88
66 89
66 91
66 96
66 97
66 100
66 101
66 102
66 103
66 104
66 106
66 109
66 110
66 111
66 113
66 114
66 115
66 117
66 120
66 122
66 123
66 126
66 127
66 129
66 131
66 132
66 133
66 134
66 136
66 138
66 141
66 143
66 148
66 149
66 151
66 152
66 154
66 156
66 157
66 160
66 161
66 162
66 170
66 173
66 174
66 176
66 180
66 181
66 182
66 184
66 193
66 199
66 200
67 68
67 69
67 71
67 72
67 73
67 75
67 76
67 79
67 82
67 84
67 86
67 88
67 89
67 93
67 94
67 99
67 100
67 101
67 106
67 107
67 109
67 111
67 112
67 113
67 115
67 117
67 119
67 122
67 126
67 129
67 132
67 134
67 135
67 136
67 138
67 139
67 140
67 142
67 144
67 145
67 148
67 149
67 153
67 154
67 155
67 156
67 162
67 164
67 167
67 168
67 170
67 172
67 174
67 175
67 176
67 177
67 179
67 180
67 186
67 187
67 189
67 190
67 191
67 195
67 197
68 70
68 71
68 74
68 76
68 77
68 78
68 81
68 83
68 84
68 85
68 86
68 89
68 92
68 93
68 95
68 97
68 98
68 101
68 106
68 108
68 109
68 111
68 116
68 118
68 119
68 121
68 126
68 127
68 133
68 134
68 135
68 138
68 139
68 143
68 148
68 150
68 151
68 152
68 162
68 165
68 166
68 174
68 175
68 176
68 177
68 178
68 180
68 181
68 182
68 183
68 184
68 185
68 186
68 188
68 190
68 194
68 196
68 197
68 198
69 75
69 79
69 81
69 85
69 88
69 91
69 93
69 95
69 99
69 100
69 103
69 104
69 106
69 107
69 108
69 110
69 111
69 115
69 116
69 119
69 121
69 123
69 124
69 126
69 130
69 134
69 135
69 136
69 137
69 140
69 141
69 143
69 144
69 147
69 148
69 149
69 151
69 152
69 155
69 156
69 157
69 159
69 161
69 170
69 173
69 174
69 177
69 180
69 182
69 183
69 186
69 187
69 188
69 190
69 193
69 196
69 197
70 74
70 75
70 77
70 78
70 80
70 81
70 83
70 86
70 87
70 88
70 89
70 90
70 92
70 93
70 95
70 99
70 100
70 102
70 104
70 106
70 107
70 108
70 109
70 111
70 112
70 113
70 114
70 116
70 118
70 119
70 120
70 122
70 124
70 125
70 126
70 127
70 129
70 130
70 131
70 132
70 133
70 136
70 138
70 139
70 140
70 141
70 142
70 144
70 146
70 148
70 149
70 155
70 158
70 159
70 160
70 164
70 165
70 166
70 168
70 169
70 172
70 173
70 174
70 175
70 178
70 179
70 183
70 184
70 186
70 189
70 190
70 195
70 196
70 197
70 200
71 73
71 75
71 78
71 80
71 81
71 82
71 83
71 85
71 86
71 92
71 93
71 94
71 96
71 101
71 102
71 103
71 104
71 108
71 109
71 111
71 113
71 118
71 127
71 129
71 131
71 134
71 136
71 137
71 140
71 142
71 143
71 144
71 145
71 150
71 151
71 152
71 153
71 154
71 157
71 158
71 159
71 164
71 169
71 170
71 172
71 175
71 176
71 177
71 178
71 179
71 180
71 183
71 184
71 185
71 187
71 191
71 192
71 193
71 195
71 199
71 200
72 77
72 78
72 79
72 80
72 83
72 84
72 85
72 87
72 88
72 90
72 91
72 94
72 95
72 96
72 97
72 98
72 99
72 100
72 101
72 105
72 107
72 108
72 112
72 114
72 115
72 116
72 117
72 118
72 120
72 121
72 123
72 126
72 127
72 129
72 130
72 132
72 135
72 136
72 137
72 149
72 151
72 155
72 157
72 159
72 160
72 161
72 164
72 165
72 166
72 169
72 170
72 171
72 172
72 174
72 177
72 178
72 180
72 181
72 182
72 183
72 184
72 185
72 186
72 188
72 190
72 192
72 193
72 194
72 196
72 200
73 74
73 75
73 76
73 77
73 81
73 82
73 84
73 85
73 86
73 87
73 88
73 91
73 93
73 96
73 98
73 99
73 101
73 102
73 104
73 106
73 109
73 111
73 112
73 114
73 115
73 117
73 118
73 120
73 121
73 123
73 125
73 126
73 127
73 129
73 131
73 133
73 135
73 137
73 142
73 146
73 147
73 148
73 150
73 154
73 155
73 157
73 159
73 160
73 162
73 164
73 165
73 167
73 168
73 169
73 170
73 171
73 173
73 176
73 178
73 182
73 183
73 184
73 186
73 187
73 188
73 190
73 191
73 192
73 193
73 194
73 195
73 200
74 79
74 84
74 86
74 89
74 92
74 96
74 97
74 101
74 105
74 108
74 111
74 114
74 119
74 123
74 124
74 125
74 128
74 130
74 132
74 134
74 137
74 140
74 142
74 143
74 149
74 151
74 153
74 155
74 157
74 159
74 160
74 161
74 163
74 165
74 166
74 167
74 168
74 173
74 174
74 175
74 178
74 179
74 180
74 183
74 184
74 185
74 187
74 189
74 198
75 76
75 77
75 78
75 79
75 80
75 81
75 82
75 84
75 86
75 89
75 90
75 91
75 93
75 95
75 98
75 101
75 104
75 105
75 106
75 108
75 110
75 111
75 113
75 117
75 122
75 124
75 129
75 131
75 132
75 133
75 135
75 137
75 141
75 144
75 145
75 147
75 148
75 149
75 151
75 153
75 156
75 159
75 161
75 164
75 172
75 175
75 182
75 183
75 184
75 185
75 186
75 188
75 189
75 191
75 192
75 193
75 195
75 196
76 77
76 78
76 79
76 82
76 85
76 88
76 89
76 91
76 92
76 93
76 94
76 96
76 98
76 101
76 102
76 103
76 104
76 105
76 106
76 107
76 108
76 109
76 110
76 111
76 113
76 114
76 115
76 117
76 119
76 120
76 121
76 125
76 126
76 129
76 130
76 132
76 133
76 134
76 135
76 136
76 137
76 138
76 139
76 140
76 142
76 143
76 145
76 146
76 147
76 148
76 149
76 150
76 151
76 152
76 153
76 154
76 155
76 159
76 160
76 166
76 167
76 169
76 170
76 172
76 173
76 174
76 175
76 176
76 178
76 181
76 182
76 183
76 185
76 187
76 189
76 191
76 194
76 195
76 199
77 78
77 79
77 87
77 88
77 89
77 90
77 91
77 93
77 97
77 98
77 100
77 102
77 109
77 110
77 115
77 116
77 120
77 122
77 123
77 124
77 128
77 129
77 130
77 131
77 133
77 134
77 136
77 137
77 138
77 139
77 141
77 142
77 145
77 146
77 147
77 148
77 150
77 152
77 153
77 156
77 157
77 164
77 167
77 169
77 171
77 175
77 180
77 184
77 186
77 190
77 193
77 194
77 195
77 198
78 80
78 81
78 83
78 84
78 85
78 86
78 87
78 91
78 93
78 94
78 96
78 98
78 99
78 100
78 107
78 109
78 110
78 111
78 112
78 113
78 114
78 115
78 118
78 124
78 126
78 127
78 130
78 132
78 133
78 135
78 137
78 139
78 143
78 144
78 146
78 147
78 149
78 150
78 151
78 152
78 155
78 156
78 158
78 161
78 163
78 165
78 168
78 170
78 171
78 172
78 174
78 176
78 177
78 185
78 186
78 188
78 189
78 194
78 195
78 196
78 197
78 200
79 82
79 85
79 88
79 91
79 93
79 94
79 95
79 97
79 99
79 101
79 104
79 105
79 106
79 107
79 108
79 109
79 110
79 111
79 112
79 113
79 114
79 116
79 118
79 119
79 122
79 124
79 125
79 126
79 128
79 129
79 131
79 133
79 134
79 136
79 137
79 139
79 145
79 146
79 148
79 151
79 153
79 156
79 157
79 158
79 160
79 161
79 163
79 165
79 169
79 170
79 172
79 173
79 174
79 175
79 177
79 178
79 179
79 181
79 183
79 185
79 186
79 188
79 190
79 193
79 194
79 195
79 197
79 198
79 199
80 83
80 85
80 90
80 91
80 93
80 96
80 106
80 107
80 111
80 112
80 113
80 114
80 115
80 119
80 120
80 121
80 122
80 124
80 126
80 128
80 129
80 131
80 141
80 144
80 145
80 147
80 148
80 152
80 153
80 159
80 161
80 166
80 168
80 169
80 170
80 172
80 173
80 175
80 176
80 181
80 182
80 184
80 187
80 189
80 192
80 194
80 195
80 196
80 197
80 199
80 200
81 83
81 85
81 87
81 91
81 92
81 94
81 95
81 100
81 101
81 104
81 105
81 107
81 108
81 109
81 111
81 112
81 115
81 116
81 117
81 118
81 119
81 121
81 124
81 126
81 127
81 131
81 133
81 135
81 137
81 139
81 140
81 141
81 143
81 145
81 148
81 149
81 151
81 153
81 155
81 157
81 163
81 164
81 166
81 167
81 169
81 170
81 171
81 173
81 174
81 177
81 178
81 180
81 182
81 183
81 186
81 187
81 190
81 194
81 195
82 83
82 88
82 93
82 94
82 96
82 98
82 99
82 100
82 101
82 102
82 104
82 107
82 109
82 110
82 111
82 112
82 113
82 114
82 115
82 116
82 118
82 121
82 122
82 124
82 127
82 128
82 130
82 132
82 137
82 139
82 146
82 148
82 150
82 152
82 154
82 156
82 157
82 160
82 162
82 163
82 164
82 166
82 167
82 170
82 171
82 176
82 178
82 179
82 182
82 184
82 185
82 188
82 190
82 191
82 192
82 193
82 194
82 197
82 199
83 84
83 85
83 86
83 88
83 90
83 91
83 93
83 98
83 99
83 102
83 103
83 105
83 109
83 110
83 113
83 120
83 122
83 124
83 125
83 127
83 136
83 137
83 139
83 141
83 142
83 143
83 144
83 145
83 147
83 150
83 151
83 155
83 156
83 159
83 160
83 161
83 163
83 165
83 168
83 169
83 170
83 172
83 173
83 175
83 176
83 177
83 178
83 179
83 182
83 184
83 188
83 189
83 190
83 191
83 192
83 193
83 195
83 196
83 197
83 198
83 199
84 86
84 87
84 89
84 91
84 92
84 94
84 95
84 96
84 100
84 105
84 106
84 108
84 110
84 111
84 114
84 116
84 117
84 118
84 119
84 122
84 123
84 125
84 126
84 127
84 128
84 131
84 133
84 135
84 136
84 137
84 139
84 141
84 144
84 146
84 148
84 155
84 156
84 157
84 160
84 161
84 162
84 163
84 164
84 165
84 167
84 174
84 175
84 176
84 179
84 180
84 181
84 183
84 185
84 186
84 187
84 190
84 191
84 192
84 195
84 196
84 198
84 200
85 88
85 89
85 91
85 93
85 94
85 96
85 97
85 101
85 103
85 104
85 105
85 106
85 110
85 112
85 117
85 120
85 121
85 122
85 125
85 126
85 128
85 131
85 134
85 136
85 139
85 140
85 144
85 145
85 148
85 149
85 151
85 155
85 157
85 160
85 161
85 162
85 163
85 164
85 167
85 169
85 170
85 171
85 174
85 176
85 177
85 180
85 181
85 185
85 186
85 188
85 189
85 191
85 192
85 193
85 194
85 195
86 87
86 88
86 89
86 92
86 93
86 95
86 97
86 98
86 99
86 100
86 101
86 102
86 104
86 105
86 108
86 109
86 111
86 113
86 114
86 115
86 120
86 121
86 126
86 129
86 130
86 131
86 135
86 138
86 139
86 141
86 142
86 143
86 148
86 149
86 151
86 153
86 155
86 159
86 160
86 161
86 163
86 164
86 166
86 167
86 169
86 170
86 171
86 172
86 173
86 174
86 175
86 177
86 180
86 182
86 183
86 184
86 187
86 189
86 190
86 192
86 196
87 88
87 90
87 91
87 92
87 93
87 94
87 99
87 102
87 104
87 105
87 107
87 108
87 109
87 110
87 112
87 114
87 116
87 117
87 118
87 119
87 121
87 123
87 125
87 126
87 128
87 130
87 137
87 140
87 141
87 143
87 146
87 148
87 151
87 154
87 158
87 161
87 168
87 170
87 172
87 175
87 177
87 178
87 191
87 193
87 196
87 198
87 200
88 90
88 93
88 94
88 98
88 99
88 100
88 102
88 103
88 106
88 109
88 111
88 113
88 114
88 115
88 116
88 117
88 119
88 126
88 127
88 128
88 129
88 130
88 131
88 132
88 134
88 138
88 139
88 140
88 141
88 145
88 146
88 147
88 148
88 149
88 150
88 151
88 153
88 155
88 156
88 159
88 165
88 166
88 167
88 168
88 174
88 177
88 179
88 180
88 182
88 183
88 185
88 188
88 194
88 195
88 196
88 199
88 200
89 90
89 91
89 92
89 93
89 94
89 97
89 105
89 106
89 109
89 113
89 114
89 115
89 118
89 119
89 120
89 122
89 124
89 125
89 126
89 129
89 132
89 133
89 140
89 143
89 144
89 151
89 155
89 156
89 158
89 159
89 160
89 161
89 162
89 165
89 166
89 167
89 168
89 171
89 172
89 174
89 175
89 178
89 180
89 181
89 183
89 184
89 188
89 189
89 191
89 192
89 193
89 195
89 199
90 91
90 94
90 96
90 99
90 103
90 104
90 105
90 106
90 107
90 110
90 112
90 116
90 118
90 121
90 122
90 127
90 129
90 130
90 132
90 136
90 138
90 140
90 142
90 143
90 145
90 146
90 149
90 151
90 152
90 155
90 156
90 159
90 160
90 162
90 165
90 170
90 174
90 175
90 176
90 178
90 180
90 181
90 182
90 183
90 188
90 189
90 192
90 195
90 197
90 199
90 200
91 92
91 94
91 96
91 102
91 105
91 110
91 112
91 115
91 116
91 117
91 118
91 119
91 121
91 123
91 124
91 128
91 130
91 131
91 133
91 135
91 136
91 140
91 142
91 146
91 148
91 149
91 151
91 153
91 155
91 156
91 160
91 161
91 163
91 164
91 167
91 168
91 172
91 173
91 175
91 178
91 179
91 180
91 185
91 186
91 188
91 189
91 190
91 191
91 194
91 195
91 197
91 198
91 199
92 93
92 94
92 95
92 99
92 101
92 102
92 103
92 104
92 106
92 107
92 109
92 112
92 114
92 115
92 116
92 118
92 120
92 121
92 122
92 124
92 125
92 127
92 129
92 133
92 136
92 138
92 141
92 142
92 143
92 147
92 148
92 149
92 153
92 155
92 157
92 158
92 164
92 167
92 168
92 170
92 180
92 181
92 184
92 185
92 188
92 189
92 191
92 192
92 193
92 198
92 199
93 97
93 99
93 100
93 104
93 105
93 106
93 107
93 108
93 110
93 111
93 113
93 116
93 121
93 122
93 126
93 127
93 128
93 131
93 135
93 136
93 137
93 139
93 142
93 144
93 145
93 149
93 151
93 152
93 153
93 157
93 158
93 159
93 160
93 161
93 163
93 164
93 166
93 167
93 171
93 173
93 175
93 176
93 181
93 187
93 191
93 192
93 193
93 194
93 195
93 196
93 197
93 198
94 95
94 96
94 97
94 98
94 99
94 100
94 101
94 102
94 103
94 106
94 108
94 112
94 115
94 116
94 119
94 122
94 124
94 125
94 127
94 131
94 136
94 138
94 142
94 144
94 146
94 150
94 152
94 159
94 160
94 161
94 162
94 163
94 167
94 168
94 169
94 170
94 173
94 176
94 177
94 180
94 184
94 185
94 187
94 188
94 189
94 190
94 191
94 192
94 193
94 195
94 196
95 98
95 100
95 101
95 104
95 105
95 109
95 111
95 113
95 114
95 117
95 119
95 120
95 122
95 124
95 126
95 127
95 129
95 131
95 132
95 133
95 134
95 136
95 137
95 138
95 141
95 144
95 146
95 149
95 151
95 154
95 156
95 157
95 158
95 159
95 161
95 163
95 167
95 173
95 174
95 177
95 178
95 179
95 180
95 181
95 184
95 185
95 187
95 189
95 190
95 191
95 193
95 195
95 196
95 200
96 100
96 101
96 102
96 103
96 105
96 108
96 110
96 111
96 112
96 114
96 120
96 121
96 122
96 123
96 127
96 128
96 130
96 131
96 133
96 134
96 135
96 136
96 137
96 138
96 140
96 145
96 147
96 148
96 150
96 158
96 159
96 160
96 161
96 162
96 164
96 165
96 171
96 178
96 179
96 183
96 185
96 186
96 190
96 192
96 193
96 194
96 195
97 98
97 102
97 103
97 106
97 109
97 110
97 111
97 112
97 115
97 117
97 118
97 119
97 121
97 122
97 124
97 127
97 128
97 132
97 133
97 135
97 136
97 139
97 141
97 142
97 143
97 146
97 148
97 149
97 152
97 154
97 155
97 156
97 158
97 160
97 164
97 166
97 168
97 169
97 170
97 172
97 173
97 174
97 178
97 182
97 183
97 184
97 189
97 190
97 194
97 195
97 196
97 197
97 198
97 199
98 102
98 103
98 105
98 106
98 109
98 113
98 114
98 116
98 117
98 118
98 119
98 120
98 124
98 128
98 129
98 130
98 131
98 132
98 133
98 136
98 138
98 139
98 140
98 142
98 145
98 146
98 147
98 149
98 150
98 151
98 153
98 155
98 156
98 157
98 158
98 159
98 160
98 162
98 163
98 164
98 165
98 167
98 169
98 173
98 175
98 178
98 181
98 183
98 185
98 186
98 191
98 192
98 194
98 196
98 197
98 199
98 200
99 100
99 102
99 103
99 104
99 105
99 106
99 108
99 117
99 120
99 121
99 122
99 123
99 124
99 125
99 126
99 128
99 129
99 132
99 135
99 136
99 138
99 139
99 140
99 141
99 142
99 143
99 147
99 149
99 150
99 151
99 152
99 154
99 155
99 158
99 163
99 164
99 166
99 167
99 172
99 174
99 178
99 181
99 182
99 183
99 186
99 187
99 189
99 194
99 195
99 196
99 197
99 200
100 101
100 102
100 103
100 104
100 105
100 106
100 107
100 109
100 111
100 112
100 113
100 114
100 115
100 116
100 117
100 118
100 121
100 125
100 127
100 128
100 130
100 132
100 136
100 137
100 139
100 140
100 142
100 143
100 147
100 149
100 154
100 155
100 158
100 159
100 160
100 162
100 165
100 166
100 167
100 172
100 173
100 178
100 179
100 180
100 184
100 186
100 187
100 188
100 189
100 190
100 191
100 193
100 196
100 199
101 104
101 105
101 107
101 115
101 116
101 117
101 119
101 120
101 121
101 126
101 128
101 129
101 130
101 132
101 133
101 134
101 137
101 141
101 142
101 143
101 145
101 146
101 148
101 152
101 153
101 155
101 156
101 157
101 160
101 161
101 162
101 164
101 167
101 171
101 172
101 176
101 178
101 180
101 182
101 184
101 185
101 186
101 187
101 188
101 191
101 192
101 194
101 195
101 196
101 197
102 103
102 104
102 107
102 110
102 112
102 114
102 115
102 116
102 117
102 118
102 123
102 126
102 129
102 131
102 132
102 135
102 136
102 137
102 140
102 143
102 144
102 145
102 146
102 147
102 150
102 151
102 152
102 153
102 154
102 155
102 164
102 166
102 167
102 170
102 172
102 173
102 174
102 177
102 178
102 179
102 180
102 182
102 184
102 185
102 186
102 188
102 189
102 196
102 198
103 104
103 105
103 107
103 110
103 113
103 119
103 122
103 126
103 130
103 133
103 136
103 139
103 140
103 141
103 142
103 143
103 144
103 145
103 147
103 150
103 151
103 154
103 155
103 158
103 162
103 163
103 164
103 166
103 170
103 172
103 174
103 175
103 177
103 178
103 181
103 182
103 183
103 184
103 185
103 186
103 187
103 188
103 190
103 192
103 193
103 195
103 197
104 105
104 108
104 109
104 112
104 122
104 126
104 129
104 132
104 133
104 135
104 136
104 138
104 141
104 149
104 150
104 152
104 155
104 160
104 161
104 165
104 168
104 171
104 173
104 174
104 176
104 183
104 186
104 187
104 190
104 191
104 193
104 194
104 195
104 199
105 106
105 107
105 112
105 114
105 116
105 117
105 118
105 119
105 120
105 121
105 124
105 125
105 127
105 128
105 130
105 132
105 134
105 135
105 138
105 144
105 145
105 147
105 148
105 149
105 154
105 155
105 158
105 159
105 160
105 161
105 163
105 164
105 165
105 167
105 169
105 170
105 171
105 172
105 177
105 178
105 180
105 181
105 182
105 183
105 184
105 185
105 191
105 194
105 197
105 199
106 107
106 108
106 110
106 112
106 114
106 117
106 120
106 121
106 122
106 125
106 128
106 132
106 133
106 134
106 135
106 137
106 138
106 140
106 141
106 144
106 149
106 150
106 152
106 154
106 155
106 156
106 158
106 163
106 164
106 168
106 169
106 170
106 171
106 172
106 173
106 174
106 181
106 184
106 186
106 188
106 190
106 193
106 196
106 198
107 109
107 117
107 119
107 120
107 121
107 122
107 123
107 124
107 127
107 136
107 137
107 140
107 141
107 142
107 144
107 147
107 148
107 150
107 152
107 154
107 156
107 159
107 162
107 164
107 166
107 170
107 172
107 173
107 174
107 176
107 177
107 178
107 179
107 180
107 181
107 182
107 184
107 185
107 191
107 194
107 196
107 197
107 198
107 199
107 200
108 114
108 115
108 117
108 118
108 120
108 123
108 124
108 125
108 126
108 128
108 130
108 133
108 134
108 137
108 139
108 148
108 152
108 154
108 155
108 156
108 159
108 161
108 164
108 165
108 166
108 167
108 168
108 169
108 172
108 173
108 174
108 176
108 177
108 182
108 183
108 184
108 185
108 186
108 189
108 190
108 191
108 192
108 193
108 196
108 197
108 198
109 114
109 115
109 118
109 120
109 126
109 128
109 129
109 130
109 131
109 134
109 139
109 140
109 142
109 144
109 147
109 148
109 150
109 152
109 154
109 157
109 159
109 161
109 162
109 164
109 166
109 170
109 171
109 177
109 179
109 180
109 181
109 182
109 183
109 184
109 185
109 188
109 189
109 190
109 192
109 193
109 194
109 196
109 198
109 200
110 112
110 113
110 115
110 117
110 118
110 119
110 120
110 121
110 122
110 124
110 125
110 127
110 128
110 131
110 134
110 135
110 137
110 138
110 140
110 142
110 143
110 145
110 146
110 147
110 151
110 152
110 153
110 157
110 158
110 159
110 160
110 161
110 163
110 165
110 166
110 168
110 169
110 170
110 171
110 173
110 175
110 176
110 178
110 182
110 183
110 185
110 186
110 187
110 189
110 190
110 191
110 192
110 193
110 196
110 200
111 113
111 114
111 115
111 116
111 117
111 118
111 120
111 122
111 123
111 124
111 125
111 127
111 128
111 129
111 130
111 132
111 134
111 136
111 138
111 139
111 146
111 147
111 149
111 150
111 151
111 152
111 153
111 156
111 158
111 160
111 161
111 162
111 164
111 165
111 167
111 171
111 172
111 173
111 175
111 179
111 181
111 183
111 186
111 188
111 189
111 194
111 197
111 199
111 200
112 113
112 116
112 119
112 121
112 122
112 124
112 129
112 131
112 133
112 134
112 135
112 138
112 143
112 146
112 148
112 150
112 151
112 152
112 153
112 156
112 158
112 160
112 161
112 163
112 164
112 166
112 168
112 170
112 171
112 172
112 175
112 178
112 179
112 181
112 182
112 183
112 188
112 190
112 191
112 192
112 194
112 195
112 196
112 197
112 199
112 200
113 114
113 115
113 117
113 118
113 122
113 123
113 127
113 128
113 129
113 130
113 131
113 132
113 135
113 139
113 140
113 143
113 144
113 146
113 147
113 149
113 150
113 151
113 152
113 155
113 156
113 157
113 158
113 160
113 163
113 164
113 172
113 173
113 174
113 181
113 182
113 183
113 184
113 185
113 190
113 191
113 192
113 194
113 195
113 196
113 197
113 198
114 115
114 116
114 117
114 120
114 121
114 122
114 123
114 130
114 131
114 132
114 137
114 141
114 142
114 144
114 146
114 147
114 148
114 151
114 153
114 154
114 155
114 156
114 162
114 164
114 165
114 166
114 167
114 169
114 170
114 172
114 173
114 178
114 179
114 180
114 183
114 184
114 185
114 189
114 195
114 198
114 199
115 116
115 118
115 119
115 122
115 123
115 124
115 125
115 126
115 129
115 131
115 133
115 134
115 136
115 137
115 140
115 141
115 142
115 143
115 145
115 147
115 149
115 151
115 156
115 159
115 163
115 164
115 166
115 169
115 170
115 172
115 173
115 175
115 178
115 179
115 180
115 181
115 182
115 184
115 186
115 187
115 188
115 190
115 200
116 121
116 122
116 123
116 125
116 127
116 129
116 133
116 134
116 136
116 137
116 140
116 141
116 142
116 143
116 144
116 146
116 148
116 149
116 153
116 154
116 157
116 160
116 161
116 162
116 164
116 165
116 166
116 169
116 170
116 171
116 172
116 173
116 177
116 178
116 182
116 183
116 185
116 186
116 187
116 188
116 189
116 190
116 191
116 192
116 193
116 197
117 119
117 121
117 122
117 126
117 128
117 129
117 130
117 132
117 140
117 142
117 145
117 147
117 148
117 149
117 150
117 151
117 152
117 156
117 158
117 162
117 165
117 175
117 178
117 185
117 186
117 187
117 190
117 191
117 194
117 196
117 198
117 199
117 200
118 119
118 120
118 122
118 123
118 126
118 128
118 133
118 134
118 135
118 139
118 140
118 142
118 143
118 144
118 145
118 148
118 150
118 152
118 155
118 156
118 157
118 159
118 161
118 165
118 166
118 167
118 170
118 171
118 172
118 173
118 178
118 180
118 182
118 183
118 184
118 186
118 188
118 189
118 190
118 195
118 197
118 198
118 200
119 120
119 121
119 122
119 127
119 128
119 131
119 133
119 136
119 137
119 138
119 140
119 141
119 142
119 143
119 144
119 146
119 147
119 148
119 149
119 150
119 151
119 154
119 155
119 157
119 159
119 162
119 165
119 166
119 167
119 169
119 172
119 173
119 175
119 176
119 177
119 178
119 186
119 189
119 190
119 193
119 194
119 197
119 198
120 121
120 122
120 123
120 124
120 125
120 126
120 128
120 134
120 136
120 137
120 139
120 140
120 141
120 143
120 149
120 152
120 154
120 155
120 156
120 158
120 160
120 161
120 165
120 168
120 170
120 172
120 173
120 175
120 178
120 180
120 181
120 184
120 187
120 193
120 196
120 197
120 199
121 123
121 126
121 127
121 129
121 131
121 132
121 139
121 140
121 142
121 144
121 145
121 146
121 147
121 148
121 149
121 150
121 154
121 156
121 157
121 158
121 159
121 161
121 162
121 163
121 164
121 173
121 175
121 176
121 178
121 179
121 180
121 184
121 188
121 190
121 192
121 193
121 194
121 198
122 124
122 125
122 130
122 132
122 134
122 135
122 137
122 138
122 141
122 143
122 144
122 147
122 149
122 150
122 152
122 154
122 156
122 157
122 158
122 159
122 161
122 162
122 165
122 167
122 169
122 170
122 171
122 173
122 174
122 176
122 180
122 181
122 183
122 184
122 185
122 187
122 188
122 189
122 190
122 191
122 193
122 198
122 199
122 200
123 125
123 126
123 127
123 131
123 139
123 142
123 143
123 147
123 149
123 157
123 159
123 161
123 163
123 164
123 166
123 167
123 168
123 170
123 172
123 173
123 175
123 177
123 180
123 182
123 185
123 190
123 192
123 197
123 198
123 199
124 125
124 126
124 129
124 130
124 131
124 133
124 134
124 135
124 139
124 142
124 143
124 146
124 150
124 151
124 153
124 156
124 158
124 160
124 162
124 165
124 166
124 168
124 169
124 170
124 171
124 172
124 173
124 176
124 177
124 180
124 182
124 183
124 185
124 187
124 188
124 189
124 190
124 191
124 192
124 194
124 197
124 199
125 127
125 129
125 131
125 135
125 137
125 138
125 139
125 140
125 141
125 142
125 145
125 147
125 149
125 152
125 155
125 156
125 157
125 159
125 160
125 161
125 164
125 166
125 167
125 170
125 171
125 173
125 175
125 178
125 179
125 180
125 181
125 182
125 185
125 190
125 192
125 193
125 194
125 196
125 197
125 199
126 127
126 129
126 134
126 135
126 137
126 141
126 142
126 147
126 149
126 152
126 158
126 161
126 162
126 171
126 175
126 177
126 179
126 180
126 181
126 182
126 184
126 185
126 186
126 187
126 188
126 193
126 195
126 196
126 197
126 198
126 200
127 130
127 131
127 133
127 134
127 136
127 138
127 139
127 141
127 143
127 145
127 146
127 149
127 150
127 152
127 153
127 156
127 158
127 159
127 160
127 164
127 165
127 166
127 167
127 171
127 172
127 174
127 176
127 177
127 178
127 179
127 186
127 191
127 193
127 194
127 195
128 130
128 131
128 132
128 135
128 136
128 137
128 139
128 146
128 147
128 148
128 150
128 151
128 152
128 154
128 155
128 158
128 159
128 161
128 162
128 163
128 164
128 166
128 167
128 168
128 169
128 170
128 172
128 174
128 175
128 179
128 182
128 184
128 185
128 186
128 187
128 190
128 192
128 196
128 197
128 198
129 131
129 134
129 138
129 143
129 145
129 146
129 148
129 157
129 158
129 160
129 162
129 163
129 165
129 166
129 167
129 168
129 170
129 173
129 174
129 175
129 176
129 177
129 178
129 180
129 182
129 185
129 187
129 189
129 196
129 199
130 131
130 133
130 139
130 143
130 145
130 148
130 150
130 151
130 152
130 154
130 156
130 158
130 159
130 160
130 163
130 165
130 171
130 174
130 175
130 178
130 179
130 182
130 185
130 186
130 187
130 191
130 192
130 193
130 194
130 195
130 198
130 200
131 132
131 138
131 140
131 143
131 144
131 145
131 147
131 148
131 149
131 150
131 151
131 153
131 156
131 159
131 160
131 161
131 162
131 163
131 167
131 169
131 170
131 171
131 177
131 178
131 179
131 182
131 183
131 185
131 186
131 188
131 190
131 191
131 196
132 133
132 135
132 136
132 138
132 141
132 147
132 149
132 150
132 155
132 156
132 158
132 159
132 160
132 161
132 162
132 163
132 164
132 167
132 173
132 175
132 176
132 178
132 179
132 182
132 183
132 185
132 188
132 190
132 191
132 192
132 193
132 194
132 195
132 198
132 199
132 200
133 136
133 138
133 141
133 143
133 144
133 145
133 146
133 147
133 151
133 152
133 154
133 156
133 160
133 162
133 163
133 165
133 166
133 167
133 168
133 169
133 170
133 172
133 173
133 175
133 177
133 183
133 187
133 190
133 192
133 193
133 194
133 199
133 200
134 136
134 138
134 139
134 142
134 144
134 146
134 148
134 149
134 151
134 154
134 158
134 159
134 166
134 167
134 169
134 170
134 171
134 176
134 177
134 181
134 182
134 184
134 185
134 186
134 192
134 195
134 199
135 136
135 137
135 139
135 140
135 141
135 142
135 144
135 146
135 147
135 148
135 150
135 151
135 152
135 154
135 156
135 158
135 159
135 160
135 164
135 165
135 166
135 169
135 171
135 172
135 173
135 174
135 175
135 176
135 178
135 182
135 185
135 188
135 196
135 197
135 198
135 199
135 200
136 137
136 139
136 143
136 145
136 146
136 147
136 148
136 151
136 153
136 154
136 155
136 159
136 160
136 161
136 163
136 164
136 165
136 166
136 172
136 173
136 174
136 177
136 179
136 180
136 181
136 183
136 189
136 190
136 191
136 192
136 193
136 198
136 199
136 200
137 140
137 141
137 142
137 143
137 144
137 146
137 148
137 153
137 154
137 155
137 158
137 159
137 160
137 161
137 162
137 164
137 170
137 172
137 176
137 177
137 178
137 179
137 182
137 185
137 187
137 189
137 194
137 195
137 196
138 140
138 143
138 146
138 149
138 151
138 153
138 155
138 156
138 158
138 162
138 163
138 166
138 167
138 170
138 171
138 173
138 174
138 178
138 185
138 186
138 187
138 191
138 192
138 193
138 197
138 199
139 142
139 143
139 146
139 147
139 148
139 149
139 152
139 157
139 161
139 165
139 167
139 172
139 173
139 175
139 176
139 178
139 181
139 182
139 183
139 185
139 186
139 188
139 189
139 190
139 192
139 200
140 143
140 144
140 145
140 146
140 149
140 151
140 152
140 154
140 155
140 156
140 157
140 160
140 165
140 168
140 169
140 170
140 173
140 175
140 176
140 177
140 178
140 180
140 183
140 184
140 189
140 190
140 191
140 193
140 195
140 199
141 143
141 146
141 147
141 149
141 157
141 159
141 161
141 162
141 163
141 164
141 165
141 166
141 167
141 168
141 169
141 170
141 172
141 173
141 175
141 176
141 182
141 185
141 187
141 188
141 189
141 190
141 191
141 192
141 195
141 196
141 198
141 199
142 147
142 148
142 152
142 155
142 158
142 160
142 162
142 164
142 166
142 170
142 171
142 172
142 173
142 174
142 177
142 179
142 180
142 181
142 182
142 183
142 184
142 185
142 187
142 190
142 192
142 194
142 197
142 198
142 199
142 200
143 147
143 150
143 151
143 154
143 155
143 165
143 169
143 172
143 174
143 176
143 177
143 178
143 180
143 183
143 184
143 185
143 186
143 190
143 191
143 193
143 195
143 196
144 146
144 150
144 151
144 152
144 153
144 155
144 158
144 160
144 161
144 163
144 165
144 166
144 167
144 168
144 169
144 170
144 171
144 173
144 176
144 177
144 180
144 181
144 182
144 183
144 184
144 190
144 194
144 195
144 197
144 200
145 146
145 147
145 148
145 149
145 150
145 153
145 155
145 158
145 163
145 164
145 169
145 170
145 171
145 172
145 176
145 177
145 181
145 184
145 185
145 186
145 187
145 188
145 190
145 191
145 192
145 197
145 198
146 147
146 149
146 150
146 152
146 153
146 154
146 159
146 160
146 162
146 164
146 166
146 171
146 173
146 174
146 175
146 176
146 181
146 186
146 187
146 188
146 189
146 190
146 191
146 195
146 197
147 148
147 150
147 152
147 156
147 157
147 158
147 159
147 162
147 163
147 165
147 166
147 168
147 169
147 172
147 173
147 174
147 175
147 176
147 177
147 178
147 180
147 182
147 183
147 185
147 188
147 189
147 191
147 192
147 194
147 198
147 199
148 149
148 150
148 152
148 153
148 154
148 158
148 160
148 163
148 165
148 166
148 168
148 172
148 173
148 177
148 178
148 179
148 180
148 181
148 183
148 185
148 186
148 188
148 190
148 191
149 152
149 156
149 157
149 160
149 163
149 164
149 167
149 170
149 171
149 173
149 174
149 175
149 178
149 179
149 180
149 181
149 182
149 183
149 184
149 186
149 188
149 189
149 190
149 191
149 192
149 193
149 194
149 195
149 197
149 198
149 199
150 151
150 154
150 155
150 156
150 157
150 158
150 161
150 162
150 164
150 165
150 167
150 168
150 169
150 170
150 171
150 172
150 173
150 174
150 176
150 177
150 178
150 180
150 181
150 185
150 189
150 190
150 192
150 193
150 195
150 197
150 199
150 200
151 153
151 154
151 155
151 156
151 157
151 158
151 159
151 162
151 169
151 172
151 176
151 180
151 181
151 183
151 184
151 187
151 192
151 193
151 194
151 195
151 199
151 200
152 154
152 155
152 157
152 160
152 162
152 166
152 167
152 172
152 173
152 174
152 176
152 181
152 185
152 189
152 190
152 193
152 197
153 157
153 158
153 159
153 160
153 161
153 163
153 165
153 170
153 172
153 173
153 174
153 176
153 177
153 180
153 181
153 182
153 184
153 188
153 190
153 195
153 196
153 198
153 199
154 155
154 157
154 160
154 164
154 166
154 168
154 170
154 171
154 172
154 174
154 176
154 177
154 180
154 184
154 185
154 186
154 187
154 189
154 190
154 194
154 195
154 196
154 200
155 156
155 158
155 159
155 160
155 162
155 168
155 169
155 172
155 173
155 176
155 180
155 186
155 187
155 188
155 190
155 191
155 192
155 193
155 194
155 197
155 198
155 199
155 200
156 158
156 160
156 162
156 163
156 164
156 165
156 166
156 167
156 168
156 169
156 178
156 183
156 184
156 185
156 186
156 188
156 189
156 190
156 192
156 196
156 199
157 160
157 161
157 162
157 163
157 164
157 166
157 168
157 170
157 171
157 176
157 177
157 179
157 181
157 182
157 185
157 186
157 188
157 189
157 193
157 196
157 200
158 159
158 160
158 161
158 162
158 163
158 165
158 166
158 167
158 169
158 171
158 172
158 175
158 176
158 177
158 178
158 182
158 183
158 184
158 185
158 188
158 189
158 190
158 192
158 198
159 160
159 161
159 162
159 165
159 166
159 172
159 175
159 176
159 177
159 182
159 183
159 185
159 186
159 187
159 188
159 189
159 192
159 194
159 196
159 198
160 163
160 164
160 165
160 172
160 175
160 176
160 177
160 178
160 179
160 180
160 182
160 185
160 186
160 188
160 189
160 190
160 192
160 193
160 194
160 196
160 198
160 200
161 164
161 166
161 168
161 172
161 174
161 175
161 178
161 179
161 180
161 182
161 183
161 184
161 185
161 186
161 188
161 189
161 192
161 193
161 194
161 198
161 199
161 200
162 165
162 166
162 167
162 171
162 172
162 175
162 177
162 181
162 184
162 187
162 188
162 189
162 190
162 191
162 192
162 194
162 195
162 197
162 198
162 199
162 200
163 165
163 166
163 167
163 168
163 169
163 170
163 172
163 173
163 174
163 176
163 177
163 178
163 183
163 185
163 188
163 189
163 193
163 194
163 196
163 200
164 165
164 168
164 171
164 174
164 175
164 176
164 177
164 178
164 181
164 183
164 186
164 189
164 191
164 193
164 194
164 196
164 198
165 166
165 169
165 170
165 172
165 174
165 175
165 177
165 180
165 182
165 184
165 185
165 187
165 188
165 190
165 192
165 194
165 195
165 197
165 198
165 199
166 167
166 169
166 170
166 171
166 172
166 173
166 175
166 181
166 182
166 183
166 186
166 188
166 190
166 191
166 194
166 195
166 196
166 200
167 169
167 172
167 173
167 174
167 175
167 176
167 177
167 178
167 181
167 182
167 183
167 186
167 187
167 190
167 192
167 196
167 198
167 200
168 169
168 170
168 172
168 174
168 175
168 179
168 180
168 181
168 183
168 184
168 187
168 195
168 197
168 198
168 199
168 200
169 170
169 173
169 174
169 175
169 176
169 177
169 178
169 179
169 181
169 183
169 186
169 187
169 188
169 190
169 191
169 192
169 198
169 200
170 174
170 175
170 178
170 179
170 180
170 183
170 187
170 188
170 190
170 191
170 194
170 195
170 197
170 200
171 174
171 175
171 176
171 177
171 178
171 179
171 180
171 181
171 183
171 189
171 190
171 194
171 195
171 196
171 198
171 199
172 176
172 178
172 180
172 183
172 187
172 188
172 189
172 190
172 197
173 174
173 176
173 177
173 178
173 181
173 185
173 187
173 193
173 195
173 197
173 200
174 175
174 176
174 177
174 185
174 188
174 189
174 191
174 192
174 194
174 195
174 196
174 198
174 199
174 200
175 179
175 181
175 182
175 183
175 184
175 185
175 188
175 190
175 191
175 192
175 193
175 196
175 198
176 178
176 180
176 183
176 184
176 185
176 186
176 188
176 194
176 196
176 197
176 199
176 200
177 178
177 179
177 181
177 182
177 183
177 186
177 188
177 189
177 190
177 191
177 193
177 194
177 195
177 196
177 198
177 200
178 180
178 182
178 184
178 186
178 189
178 191
178 193
178 194
178 195
178 196
178 199
179 183
179 184
179 192
179 193
179 197
179 198
179 200
180 184
180 185
180 188
180 189
180 192
180 194
180 199
180 200
181 186
181 187
181 189
181 190
181 191
181 193
181 195
181 196
181 197
181 198
182 184
182 185
182 188
182 192
182 194
182 198
183 184
183 185
183 186
183 187
183 188
183 189
183 196
183 199
184 185
184 186
184 189
184 190
184 192
184 193
184 194
184 196
184 198
185 186
185 187
185 189
185 191
185 193
185 195
185 196
185 198
185 200
186 188
186 193
186 195
186 197
186 199
186 200
187 188
187 189
187 190
187 192
187 193
187 196
187 200
188 191
188 192
188 193
188 194
188 196
188 198
188 199
188 200
189 191
189 194
189 195
189 197
189 199
190 194
190 195
190 196
190 197
190 200
191 192
191 194
191 195
191 196
191 197
191 198
192 193
192 195
192 197
192 198
192 200
193 194
193 198
193 199
193 200
194 196
194 197
194 199
195 196
195 197
195 199
195 200
196 197
196 199
197 198
197 200
